# tau(fm)  ecc_1  ecc_2  ecc_3  ecc_4  ecc_5  ecc_6
    5.00000000e-01  1.17557290e-01  6.35050787e-01  2.22545009e-01  3.94750781e-01  2.25452941e-01  1.34717207e-01  
    5.20000000e-01  1.17389173e-01  6.35064858e-01  2.22410884e-01  3.94775790e-01  2.25418257e-01  1.34776526e-01  
    5.40000000e-01  1.17223568e-01  6.35061268e-01  2.22276790e-01  3.94786004e-01  2.25373691e-01  1.34826989e-01  
    5.60000000e-01  1.17059535e-01  6.35039461e-01  2.22141462e-01  3.94780637e-01  2.25318071e-01  1.34868858e-01  
    5.80000000e-01  1.16896202e-01  6.34998856e-01  2.22003820e-01  3.94758550e-01  2.25250575e-01  1.34901786e-01  
    6.00000000e-01  1.16732849e-01  6.34938909e-01  2.21862962e-01  3.94718391e-01  2.25170924e-01  1.34924538e-01  
    6.20000000e-01  1.16568932e-01  6.34859216e-01  2.21718085e-01  3.94659135e-01  2.25078686e-01  1.34936109e-01  
    6.40000000e-01  1.16404070e-01  6.34759451e-01  2.21568522e-01  3.94580085e-01  2.24973287e-01  1.34936052e-01  
    6.60000000e-01  1.16237861e-01  6.34639343e-01  2.21413625e-01  3.94480682e-01  2.24853906e-01  1.34924231e-01  
    6.80000000e-01  1.16069860e-01  6.34498727e-01  2.21252730e-01  3.94360534e-01  2.24719780e-01  1.34900610e-01  
    7.00000000e-01  1.15899726e-01  6.34337510e-01  2.21085356e-01  3.94219290e-01  2.24570658e-01  1.34865196e-01  
    7.20000000e-01  1.15727261e-01  6.34155621e-01  2.20911162e-01  3.94056650e-01  2.24406450e-01  1.34818066e-01  
    7.40000000e-01  1.15552387e-01  6.33953037e-01  2.20729951e-01  3.93872507e-01  2.24227086e-01  1.34759300e-01  
    7.60000000e-01  1.15374950e-01  6.33729740e-01  2.20541563e-01  3.93666733e-01  2.24032345e-01  1.34688977e-01  
    7.80000000e-01  1.15194725e-01  6.33485716e-01  2.20345665e-01  3.93439332e-01  2.23821843e-01  1.34607552e-01  
    8.00000000e-01  1.15011553e-01  6.33220988e-01  2.20142030e-01  3.93190189e-01  2.23595414e-01  1.34514886e-01  
    8.20000000e-01  1.14825364e-01  6.32935546e-01  2.19930574e-01  3.92919136e-01  2.23353116e-01  1.34410802e-01  
    8.40000000e-01  1.14636195e-01  6.32629374e-01  2.19711393e-01  3.92625853e-01  2.23095135e-01  1.34294828e-01  
    8.60000000e-01  1.14444061e-01  6.32302448e-01  2.19484536e-01  3.92309933e-01  2.22821601e-01  1.34166448e-01  
    8.80000000e-01  1.14248867e-01  6.31954841e-01  2.19249869e-01  3.91971378e-01  2.22532212e-01  1.34025744e-01  
    9.00000000e-01  1.14050541e-01  6.31586627e-01  2.19007264e-01  3.91610341e-01  2.22226661e-01  1.33873059e-01  
    9.20000000e-01  1.13849033e-01  6.31197865e-01  2.18756592e-01  3.91226645e-01  2.21904803e-01  1.33708239e-01  
    9.40000000e-01  1.13644302e-01  6.30788705e-01  2.18497830e-01  3.90820534e-01  2.21566709e-01  1.33531468e-01  
    9.60000000e-01  1.13436296e-01  6.30359272e-01  2.18230849e-01  3.90392078e-01  2.21212634e-01  1.33342646e-01  
    9.80000000e-01  1.13224957e-01  6.29909665e-01  2.17955695e-01  3.89941307e-01  2.20842788e-01  1.33141949e-01  
    1.00000000e+00  1.13010205e-01  6.29439977e-01  2.17672370e-01  3.89468149e-01  2.20457481e-01  1.32929321e-01  
    1.02000000e+00  1.12792009e-01  6.28950283e-01  2.17380824e-01  3.88972568e-01  2.20056650e-01  1.32704593e-01  
    1.04000000e+00  1.12570328e-01  6.28440631e-01  2.17081137e-01  3.88454354e-01  2.19640558e-01  1.32467499e-01  
    1.06000000e+00  1.12345214e-01  6.27911165e-01  2.16773287e-01  3.87913755e-01  2.19209203e-01  1.32218446e-01  
    1.08000000e+00  1.12116607e-01  6.27362074e-01  2.16457185e-01  3.87351042e-01  2.18762773e-01  1.31957409e-01  
    1.10000000e+00  1.11884402e-01  6.26793418e-01  2.16132860e-01  3.86766018e-01  2.18301491e-01  1.31684181e-01  
    1.12000000e+00  1.11648535e-01  6.26205253e-01  2.15800230e-01  3.86158539e-01  2.17825307e-01  1.31398525e-01  
    1.14000000e+00  1.11409035e-01  6.25597794e-01  2.15459199e-01  3.85529246e-01  2.17334204e-01  1.31100964e-01  
    1.16000000e+00  1.11165906e-01  6.24971215e-01  2.15109646e-01  3.84878420e-01  2.16827934e-01  1.30791928e-01  
    1.18000000e+00  1.10919117e-01  6.24325622e-01  2.14751566e-01  3.84206106e-01  2.16306504e-01  1.30471805e-01  
    1.20000000e+00  1.10668652e-01  6.23661083e-01  2.14384848e-01  3.83512566e-01  2.15770002e-01  1.30140829e-01  
    1.22000000e+00  1.10414433e-01  6.22977760e-01  2.14009447e-01  3.82797726e-01  2.15218473e-01  1.29798919e-01  
    1.24000000e+00  1.10156566e-01  6.22275834e-01  2.13625353e-01  3.82061958e-01  2.14652208e-01  1.29446333e-01  
    1.26000000e+00  1.09895054e-01  6.21555366e-01  2.13232596e-01  3.81305345e-01  2.14071365e-01  1.29083465e-01  
    1.28000000e+00  1.09629881e-01  6.20816525e-01  2.12831518e-01  3.80528093e-01  2.13476047e-01  1.28710085e-01  
    1.30000000e+00  1.09361019e-01  6.20059442e-01  2.12421920e-01  3.79730309e-01  2.12866591e-01  1.28326324e-01  
    1.32000000e+00  1.09088486e-01  6.19284226e-01  2.12003897e-01  3.78911916e-01  2.12242324e-01  1.27932068e-01  
    1.34000000e+00  1.08812259e-01  6.18491010e-01  2.11577207e-01  3.78073077e-01  2.11604081e-01  1.27527408e-01  
    1.36000000e+00  1.08532325e-01  6.17679905e-01  2.11141714e-01  3.77213614e-01  2.10951623e-01  1.27112122e-01  
    1.38000000e+00  1.08248602e-01  6.16851025e-01  2.10697747e-01  3.76333546e-01  2.10285127e-01  1.26686472e-01  
    1.40000000e+00  1.07961134e-01  6.16004612e-01  2.10245297e-01  3.75433719e-01  2.09604677e-01  1.26250596e-01  
    1.42000000e+00  1.07669915e-01  6.15140940e-01  2.09784380e-01  3.74514618e-01  2.08910805e-01  1.25804226e-01  
    1.44000000e+00  1.07375023e-01  6.14259998e-01  2.09315028e-01  3.73575868e-01  2.08202786e-01  1.25348157e-01  
    1.46000000e+00  1.07076460e-01  6.13362122e-01  2.08836982e-01  3.72618179e-01  2.07482027e-01  1.24882618e-01  
    1.48000000e+00  1.06774133e-01  6.12447161e-01  2.08350401e-01  3.71641130e-01  2.06748652e-01  1.24408336e-01  
    1.50000000e+00  1.06468131e-01  6.11515516e-01  2.07855357e-01  3.70644897e-01  2.06002573e-01  1.23925246e-01  
    1.52000000e+00  1.06158406e-01  6.10567260e-01  2.07351957e-01  3.69630125e-01  2.05244030e-01  1.23433289e-01  
    1.54000000e+00  1.05845077e-01  6.09602395e-01  2.06840302e-01  3.68596785e-01  2.04472789e-01  1.22932924e-01  
    1.56000000e+00  1.05528098e-01  6.08621625e-01  2.06320714e-01  3.67545457e-01  2.03689045e-01  1.22423490e-01  
    1.58000000e+00  1.05207561e-01  6.07624666e-01  2.05792884e-01  3.66476174e-01  2.02893435e-01  1.21906019e-01  
    1.60000000e+00  1.04883466e-01  6.06611558e-01  2.05256847e-01  3.65389260e-01  2.02085779e-01  1.21380228e-01  
    1.62000000e+00  1.04555829e-01  6.05582530e-01  2.04712706e-01  3.64284203e-01  2.01266383e-01  1.20845243e-01  
    1.64000000e+00  1.04224723e-01  6.04537434e-01  2.04160552e-01  3.63161256e-01  2.00434866e-01  1.20302352e-01  
    1.66000000e+00  1.03890193e-01  6.03476911e-01  2.03600725e-01  3.62021461e-01  1.99591480e-01  1.19751897e-01  
    1.68000000e+00  1.03552302e-01  6.02400881e-01  2.03032926e-01  3.60865345e-01  1.98737045e-01  1.19194588e-01  
    1.70000000e+00  1.03211056e-01  6.01309438e-01  2.02457184e-01  3.59692913e-01  1.97872201e-01  1.18631207e-01  
    1.72000000e+00  1.02866497e-01  6.00202911e-01  2.01873208e-01  3.58504752e-01  1.96996924e-01  1.18061474e-01  
    1.74000000e+00  1.02518739e-01  5.99081595e-01  2.01281803e-01  3.57301292e-01  1.96111274e-01  1.17485662e-01  
    1.76000000e+00  1.02167714e-01  5.97945712e-01  2.00682652e-01  3.56082559e-01  1.95215156e-01  1.16903449e-01  
    1.78000000e+00  1.01813507e-01  5.96795415e-01  2.00075913e-01  3.54848812e-01  1.94308868e-01  1.16314903e-01  
    1.80000000e+00  1.01456162e-01  5.95630918e-01  1.99461799e-01  3.53600232e-01  1.93393010e-01  1.15720177e-01  
    1.82000000e+00  1.01095681e-01  5.94452369e-01  1.98840149e-01  3.52337749e-01  1.92467833e-01  1.15119259e-01  
    1.84000000e+00  1.00732078e-01  5.93259767e-01  1.98210843e-01  3.51060380e-01  1.91533764e-01  1.14512148e-01  
    1.86000000e+00  1.00365225e-01  5.92053123e-01  1.97574044e-01  3.49767982e-01  1.90591023e-01  1.13898552e-01  
    1.88000000e+00  9.99952057e-02  5.90832609e-01  1.96929530e-01  3.48461247e-01  1.89639960e-01  1.13278901e-01  
    1.90000000e+00  9.96221311e-02  5.89598477e-01  1.96277833e-01  3.47140526e-01  1.88681292e-01  1.12654616e-01  
    1.92000000e+00  9.92458140e-02  5.88350173e-01  1.95618544e-01  3.45804175e-01  1.87715852e-01  1.12026528e-01  
    1.94000000e+00  9.88665419e-02  5.87088314e-01  1.94951871e-01  3.44453913e-01  1.86742409e-01  1.11394313e-01  
    1.96000000e+00  9.84844889e-02  5.85812890e-01  1.94277635e-01  3.43091051e-01  1.85761416e-01  1.10757322e-01  
    1.98000000e+00  9.80995286e-02  5.84523728e-01  1.93596025e-01  3.41714165e-01  1.84771464e-01  1.10115963e-01  
    2.00000000e+00  9.77117302e-02  5.83221184e-01  1.92907704e-01  3.40323761e-01  1.83774267e-01  1.09471633e-01  
    2.02000000e+00  9.73210760e-02  5.81905554e-01  1.92213108e-01  3.38920052e-01  1.82769746e-01  1.08824230e-01  
    2.04000000e+00  9.69275812e-02  5.80577104e-01  1.91511254e-01  3.37502332e-01  1.81757428e-01  1.08173492e-01  
    2.06000000e+00  9.65315076e-02  5.79236292e-01  1.90801848e-01  3.36071922e-01  1.80738860e-01  1.07520325e-01  
    2.08000000e+00  9.61328565e-02  5.77883039e-01  1.90084946e-01  3.34629104e-01  1.79714198e-01  1.06863278e-01  
    2.10000000e+00  9.57315638e-02  5.76517512e-01  1.89361204e-01  3.33173767e-01  1.78683600e-01  1.06202762e-01  
    2.12000000e+00  9.53277970e-02  5.75139761e-01  1.88630788e-01  3.31707466e-01  1.77646155e-01  1.05539816e-01  
    2.14000000e+00  9.49217975e-02  5.73750042e-01  1.87892921e-01  3.30229397e-01  1.76602727e-01  1.04875898e-01  
    2.16000000e+00  9.45131366e-02  5.72348051e-01  1.87149307e-01  3.28740161e-01  1.75554345e-01  1.04209119e-01  
    2.18000000e+00  9.41023763e-02  5.70934780e-01  1.86400293e-01  3.27241001e-01  1.74501860e-01  1.03541583e-01  
    2.20000000e+00  9.36895829e-02  5.69510596e-01  1.85645763e-01  3.25732980e-01  1.73445913e-01  1.02872627e-01  
    2.22000000e+00  9.32748812e-02  5.68075073e-01  1.84884598e-01  3.24215952e-01  1.72385014e-01  1.02201393e-01  
    2.24000000e+00  9.28581204e-02  5.66628956e-01  1.84117646e-01  3.22689167e-01  1.71318797e-01  1.01527080e-01  
    2.26000000e+00  9.24391471e-02  5.65171890e-01  1.83345176e-01  3.21151620e-01  1.70249171e-01  1.00851231e-01  
    2.28000000e+00  9.20179385e-02  5.63702817e-01  1.82567627e-01  3.19604096e-01  1.69174488e-01  1.00174334e-01  
    2.30000000e+00  9.15945117e-02  5.62222226e-01  1.81783493e-01  3.18047088e-01  1.68095256e-01  9.94954116e-02  
    2.32000000e+00  9.11690705e-02  5.60731009e-01  1.80993122e-01  3.16480030e-01  1.67012610e-01  9.88146591e-02  
    2.34000000e+00  9.07418907e-02  5.59229446e-01  1.80197295e-01  3.14904715e-01  1.65926900e-01  9.81329827e-02  
    2.36000000e+00  9.03122463e-02  5.57717359e-01  1.79395083e-01  3.13319839e-01  1.64839700e-01  9.74471254e-02  
    2.38000000e+00  8.98805123e-02  5.56194511e-01  1.78587159e-01  3.11725556e-01  1.63751473e-01  9.67604953e-02  
    2.40000000e+00  8.94469008e-02  5.54661839e-01  1.77773531e-01  3.10123357e-01  1.62662220e-01  9.60735020e-02  
    2.42000000e+00  8.90120160e-02  5.53119515e-01  1.76954462e-01  3.08514430e-01  1.61571422e-01  9.53863172e-02  
    2.44000000e+00  8.85758125e-02  5.51567624e-01  1.76129767e-01  3.06898855e-01  1.60477335e-01  9.46987918e-02  
    2.46000000e+00  8.81384321e-02  5.50006635e-01  1.75300486e-01  3.05277183e-01  1.59381056e-01  9.40111983e-02  
    2.48000000e+00  8.76994307e-02  5.48436329e-01  1.74466620e-01  3.03648306e-01  1.58283034e-01  9.33242362e-02  
    2.50000000e+00  8.72587001e-02  5.46857516e-01  1.73628351e-01  3.02012581e-01  1.57182798e-01  9.26346030e-02  
    2.52000000e+00  8.68159785e-02  5.45269728e-01  1.72784649e-01  3.00366966e-01  1.56082783e-01  9.19453042e-02  
    2.54000000e+00  8.63714234e-02  5.43673203e-01  1.71937524e-01  2.98713965e-01  1.54983540e-01  9.12583450e-02  
    2.56000000e+00  8.59249749e-02  5.42067671e-01  1.71085625e-01  2.97053211e-01  1.53881658e-01  9.05697282e-02  
    2.58000000e+00  8.54764590e-02  5.40454253e-01  1.70227911e-01  2.95384222e-01  1.52777120e-01  8.98784371e-02  
    2.60000000e+00  8.50257432e-02  5.38831917e-01  1.69364079e-01  2.93708349e-01  1.51670174e-01  8.91839819e-02  
    2.62000000e+00  8.45725220e-02  5.37201813e-01  1.68495358e-01  2.92025228e-01  1.50561278e-01  8.84878591e-02  
    2.64000000e+00  8.41173144e-02  5.35563248e-01  1.67620989e-01  2.90334731e-01  1.49450100e-01  8.77888904e-02  
    2.66000000e+00  8.36601556e-02  5.33917520e-01  1.66742148e-01  2.88638372e-01  1.48338671e-01  8.70892683e-02  
    2.68000000e+00  8.32012517e-02  5.32263613e-01  1.65859806e-01  2.86935784e-01  1.47224285e-01  8.63911024e-02  
    2.70000000e+00  8.27414905e-02  5.30602242e-01  1.64974362e-01  2.85227504e-01  1.46104834e-01  8.56943376e-02  
    2.72000000e+00  8.22806881e-02  5.28933332e-01  1.64084819e-01  2.83514440e-01  1.44984885e-01  8.49980394e-02  
    2.74000000e+00  8.18194421e-02  5.27257670e-01  1.63192070e-01  2.81797056e-01  1.43863637e-01  8.43038441e-02  
    2.76000000e+00  8.13578005e-02  5.25574648e-01  1.62296633e-01  2.80074164e-01  1.42738212e-01  8.36120937e-02  
    2.78000000e+00  8.08965645e-02  5.23885442e-01  1.61398480e-01  2.78351521e-01  1.41611689e-01  8.29253215e-02  
    2.80000000e+00  8.04345421e-02  5.22188767e-01  1.60496437e-01  2.76624041e-01  1.40486197e-01  8.22432410e-02  
    2.82000000e+00  7.99705672e-02  5.20485381e-01  1.59591168e-01  2.74891339e-01  1.39365046e-01  8.15612918e-02  
    2.84000000e+00  7.95058762e-02  5.18774988e-01  1.58682345e-01  2.73155742e-01  1.38248720e-01  8.08807246e-02  
    2.86000000e+00  7.90407701e-02  5.17057366e-01  1.57772011e-01  2.71420762e-01  1.37133238e-01  8.02024714e-02  
    2.88000000e+00  7.85744552e-02  5.15332319e-01  1.56860946e-01  2.69683942e-01  1.36022120e-01  7.95243017e-02  
    2.90000000e+00  7.81068642e-02  5.13598214e-01  1.55948994e-01  2.67944539e-01  1.34915208e-01  7.88477254e-02  
    2.92000000e+00  7.76385316e-02  5.11855443e-01  1.55035840e-01  2.66207261e-01  1.33815043e-01  7.81754010e-02  
    2.94000000e+00  7.71693954e-02  5.10106710e-01  1.54121339e-01  2.64470277e-01  1.32719909e-01  7.75025267e-02  
    2.96000000e+00  7.66999991e-02  5.08349802e-01  1.53210547e-01  2.62733914e-01  1.31629355e-01  7.68360271e-02  
    2.98000000e+00  7.62294640e-02  5.06583415e-01  1.52299529e-01  2.60996791e-01  1.30544198e-01  7.61693906e-02  
    3.00000000e+00  7.57580302e-02  5.04809243e-01  1.51383792e-01  2.59258838e-01  1.29462613e-01  7.55035661e-02  
    3.02000000e+00  7.52866639e-02  5.03027181e-01  1.50464188e-01  2.57523860e-01  1.28384852e-01  7.48436263e-02  
    3.04000000e+00  7.48158378e-02  5.01237015e-01  1.49539029e-01  2.55788434e-01  1.27313217e-01  7.41891106e-02  
    3.06000000e+00  7.43450595e-02  4.99441341e-01  1.48610309e-01  2.54051690e-01  1.26247191e-01  7.35376246e-02  
    3.08000000e+00  7.38744638e-02  4.97638632e-01  1.47678074e-01  2.52314850e-01  1.25185687e-01  7.28904729e-02  
    3.10000000e+00  7.34049655e-02  4.95830003e-01  1.46741351e-01  2.50579801e-01  1.24127709e-01  7.22478170e-02  
    3.12000000e+00  7.29357211e-02  4.94017113e-01  1.45803024e-01  2.48844566e-01  1.23074866e-01  7.16104253e-02  
    3.14000000e+00  7.24670818e-02  4.92202145e-01  1.44860441e-01  2.47107020e-01  1.22027328e-01  7.09793149e-02  
    3.16000000e+00  7.19981915e-02  4.90384853e-01  1.43915160e-01  2.45370535e-01  1.20986986e-01  7.03454286e-02  
    3.18000000e+00  7.15286514e-02  4.88563183e-01  1.42968544e-01  2.43634844e-01  1.19948887e-01  6.97118387e-02  
    3.20000000e+00  7.10582902e-02  4.86737016e-01  1.42019590e-01  2.41894957e-01  1.18912959e-01  6.90795765e-02  
    3.22000000e+00  7.05878466e-02  4.84909438e-01  1.41067863e-01  2.40156807e-01  1.17882879e-01  6.84491660e-02  
    3.24000000e+00  7.01178701e-02  4.83080949e-01  1.40114971e-01  2.38421650e-01  1.16857289e-01  6.78215811e-02  
    3.26000000e+00  6.96469897e-02  4.81248424e-01  1.39158070e-01  2.36685280e-01  1.15834856e-01  6.71918387e-02  
    3.28000000e+00  6.91746548e-02  4.79411176e-01  1.38199269e-01  2.34943735e-01  1.14814504e-01  6.65630355e-02  
    3.30000000e+00  6.87024846e-02  4.77570879e-01  1.37239642e-01  2.33199317e-01  1.13793123e-01  6.59385176e-02  
    3.32000000e+00  6.82299222e-02  4.75729128e-01  1.36278361e-01  2.31453431e-01  1.12773347e-01  6.53130010e-02  
    3.34000000e+00  6.77577289e-02  4.73885020e-01  1.35316451e-01  2.29710286e-01  1.11754278e-01  6.46909337e-02  
    3.36000000e+00  6.72858591e-02  4.72038069e-01  1.34353617e-01  2.27967448e-01  1.10732633e-01  6.40783370e-02  
    3.38000000e+00  6.68149068e-02  4.70188673e-01  1.33391407e-01  2.26224039e-01  1.09706473e-01  6.34733506e-02  
    3.40000000e+00  6.63451280e-02  4.68337027e-01  1.32430140e-01  2.24482701e-01  1.08686645e-01  6.28750795e-02  
    3.42000000e+00  6.58759670e-02  4.66484024e-01  1.31470636e-01  2.22745045e-01  1.07675718e-01  6.22826773e-02  
    3.44000000e+00  6.54079624e-02  4.64629603e-01  1.30509829e-01  2.21013387e-01  1.06671736e-01  6.16947598e-02  
    3.46000000e+00  6.49390941e-02  4.62772144e-01  1.29546856e-01  2.19281681e-01  1.05675485e-01  6.11054949e-02  
    3.48000000e+00  6.44704080e-02  4.60914381e-01  1.28583572e-01  2.17552857e-01  1.04688101e-01  6.05226616e-02  
    3.50000000e+00  6.40016168e-02  4.59053939e-01  1.27621298e-01  2.15828010e-01  1.03708395e-01  5.99399406e-02  
    3.52000000e+00  6.35324190e-02  4.57186921e-01  1.26663351e-01  2.14109682e-01  1.02734932e-01  5.93563030e-02  
    3.54000000e+00  6.30631965e-02  4.55313980e-01  1.25709773e-01  2.12397476e-01  1.01771570e-01  5.87748728e-02  
    3.56000000e+00  6.25943882e-02  4.53438363e-01  1.24755369e-01  2.10688179e-01  1.00824818e-01  5.81946074e-02  
    3.58000000e+00  6.21258091e-02  4.51560126e-01  1.23804754e-01  2.08987313e-01  9.98896614e-02  5.76160088e-02  
    3.60000000e+00  6.16579322e-02  4.49675361e-01  1.22861900e-01  2.07297179e-01  9.89636788e-02  5.70443888e-02  
    3.62000000e+00  6.11902316e-02  4.47785641e-01  1.21917742e-01  2.05611338e-01  9.80451325e-02  5.64748016e-02  
    3.64000000e+00  6.07247337e-02  4.45895351e-01  1.20973151e-01  2.03933809e-01  9.71368904e-02  5.59129338e-02  
    3.66000000e+00  6.02606834e-02  4.44001778e-01  1.20027316e-01  2.02259906e-01  9.62386727e-02  5.53583894e-02  
    3.68000000e+00  5.97970198e-02  4.42105688e-01  1.19083095e-01  2.00593066e-01  9.53513867e-02  5.48041427e-02  
    3.70000000e+00  5.93346304e-02  4.40208463e-01  1.18138703e-01  1.98931692e-01  9.44724093e-02  5.42512991e-02  
    3.72000000e+00  5.88730430e-02  4.38307665e-01  1.17191288e-01  1.97273384e-01  9.36013956e-02  5.37033891e-02  
    3.74000000e+00  5.84125155e-02  4.36405711e-01  1.16239965e-01  1.95621820e-01  9.27360825e-02  5.31684346e-02  
    3.76000000e+00  5.79553846e-02  4.34507605e-01  1.15284758e-01  1.93978478e-01  9.18738755e-02  5.26471267e-02  
    3.78000000e+00  5.75000692e-02  4.32611782e-01  1.14327937e-01  1.92340993e-01  9.10168999e-02  5.21321838e-02  
    3.80000000e+00  5.70457387e-02  4.30716986e-01  1.13365440e-01  1.90704992e-01  9.01677764e-02  5.16198457e-02  
    3.82000000e+00  5.65918289e-02  4.28821429e-01  1.12402178e-01  1.89072183e-01  8.93208981e-02  5.11121605e-02  
    3.84000000e+00  5.61380451e-02  4.26927723e-01  1.11437688e-01  1.87440437e-01  8.84769653e-02  5.06073400e-02  
    3.86000000e+00  5.56847679e-02  4.25034735e-01  1.10472528e-01  1.85810118e-01  8.76314559e-02  5.01072428e-02  
    3.88000000e+00  5.52324744e-02  4.23142859e-01  1.09508529e-01  1.84182808e-01  8.67904701e-02  4.96131745e-02  
    3.90000000e+00  5.47816000e-02  4.21252717e-01  1.08547543e-01  1.82563990e-01  8.59558785e-02  4.91274736e-02  
    3.92000000e+00  5.43301181e-02  4.19363675e-01  1.07587455e-01  1.80947022e-01  8.51289889e-02  4.86466361e-02  
    3.94000000e+00  5.38795259e-02  4.17476786e-01  1.06631011e-01  1.79332394e-01  8.43055057e-02  4.81703468e-02  
    3.96000000e+00  5.34309407e-02  4.15591717e-01  1.05677809e-01  1.77722700e-01  8.34909933e-02  4.77002312e-02  
    3.98000000e+00  5.29831379e-02  4.13706467e-01  1.04726531e-01  1.76117890e-01  8.26866659e-02  4.72311852e-02  
    4.00000000e+00  5.25352076e-02  4.11821406e-01  1.03775876e-01  1.74516406e-01  8.18912610e-02  4.67595177e-02  
    4.02000000e+00  5.20882481e-02  4.09936232e-01  1.02826236e-01  1.72917406e-01  8.11039083e-02  4.62846614e-02  
    4.04000000e+00  5.16415786e-02  4.08051093e-01  1.01882265e-01  1.71326557e-01  8.03257057e-02  4.58105934e-02  
    4.06000000e+00  5.11945667e-02  4.06164420e-01  1.00945874e-01  1.69748539e-01  7.95638476e-02  4.53430493e-02  
    4.08000000e+00  5.07478609e-02  4.04278279e-01  1.00016802e-01  1.68184190e-01  7.88187886e-02  4.48814001e-02  
    4.10000000e+00  5.03010458e-02  4.02392084e-01  9.90935850e-02  1.66630799e-01  7.80941453e-02  4.44203725e-02  
    4.12000000e+00  4.98561641e-02  4.00502733e-01  9.81764790e-02  1.65085597e-01  7.73786801e-02  4.39638487e-02  
    4.14000000e+00  4.94131726e-02  3.98612504e-01  9.72657365e-02  1.63549762e-01  7.66716903e-02  4.35105436e-02  
    4.16000000e+00  4.89727810e-02  3.96722424e-01  9.63574942e-02  1.62024061e-01  7.59731633e-02  4.30731442e-02  
    4.18000000e+00  4.85338409e-02  3.94833955e-01  9.54494808e-02  1.60507407e-01  7.52866174e-02  4.26437322e-02  
    4.20000000e+00  4.80971495e-02  3.92945443e-01  9.45433078e-02  1.59000839e-01  7.46021522e-02  4.22189117e-02  
    4.22000000e+00  4.76627819e-02  3.91057726e-01  9.36361876e-02  1.57504202e-01  7.39199921e-02  4.17991265e-02  
    4.24000000e+00  4.72301210e-02  3.89171480e-01  9.27252839e-02  1.56019298e-01  7.32431896e-02  4.13852891e-02  
    4.26000000e+00  4.67992479e-02  3.87287021e-01  9.18096499e-02  1.54543471e-01  7.25768260e-02  4.09784731e-02  
    4.28000000e+00  4.63710725e-02  3.85407476e-01  9.08905359e-02  1.53074992e-01  7.19252266e-02  4.05806094e-02  
    4.30000000e+00  4.59446792e-02  3.83530446e-01  8.99652329e-02  1.51614515e-01  7.12867830e-02  4.01865608e-02  
    4.32000000e+00  4.55194048e-02  3.81657545e-01  8.90361285e-02  1.50156274e-01  7.06595277e-02  3.97982534e-02  
    4.34000000e+00  4.50954166e-02  3.79784346e-01  8.81101755e-02  1.48703855e-01  7.00337410e-02  3.94143293e-02  
    4.36000000e+00  4.46726019e-02  3.77914026e-01  8.71848334e-02  1.47251244e-01  6.94083863e-02  3.90320760e-02  
    4.38000000e+00  4.42502793e-02  3.76046339e-01  8.62624404e-02  1.45797863e-01  6.87876382e-02  3.86521791e-02  
    4.40000000e+00  4.38297219e-02  3.74183250e-01  8.53432506e-02  1.44348567e-01  6.81789959e-02  3.82744615e-02  
    4.42000000e+00  4.34101144e-02  3.72323029e-01  8.44251297e-02  1.42902555e-01  6.75848448e-02  3.79022368e-02  
    4.44000000e+00  4.29910029e-02  3.70467357e-01  8.35101466e-02  1.41460125e-01  6.70028735e-02  3.75356784e-02  
    4.46000000e+00  4.25739804e-02  3.68617638e-01  8.25990647e-02  1.40022883e-01  6.64280804e-02  3.71810527e-02  
    4.48000000e+00  4.21573355e-02  3.66773102e-01  8.16921010e-02  1.38587927e-01  6.58705325e-02  3.68283482e-02  
    4.50000000e+00  4.17430664e-02  3.64932936e-01  8.07917781e-02  1.37160674e-01  6.53247862e-02  3.64784428e-02  
    4.52000000e+00  4.13310693e-02  3.63093299e-01  7.99011674e-02  1.35745777e-01  6.47878062e-02  3.61421333e-02  
    4.54000000e+00  4.09193433e-02  3.61251154e-01  7.90216810e-02  1.34342703e-01  6.42622400e-02  3.58080472e-02  
    4.56000000e+00  4.05085837e-02  3.59411269e-01  7.81503229e-02  1.32956141e-01  6.37461871e-02  3.54698577e-02  
    4.58000000e+00  4.01004112e-02  3.57573562e-01  7.72839817e-02  1.31587478e-01  6.32367079e-02  3.51312453e-02  
    4.60000000e+00  3.96936981e-02  3.55736578e-01  7.64239899e-02  1.30236953e-01  6.27337945e-02  3.47920640e-02  
    4.62000000e+00  3.92881382e-02  3.53901443e-01  7.55686842e-02  1.28899352e-01  6.22337835e-02  3.44652676e-02  
    4.64000000e+00  3.88843623e-02  3.52068231e-01  7.47171821e-02  1.27571968e-01  6.17443840e-02  3.41488731e-02  
    4.66000000e+00  3.84813847e-02  3.50235657e-01  7.38674711e-02  1.26251846e-01  6.12658929e-02  3.38307523e-02  
    4.68000000e+00  3.80789997e-02  3.48405943e-01  7.30212764e-02  1.24937360e-01  6.08005112e-02  3.35125450e-02  
    4.70000000e+00  3.76771360e-02  3.46577435e-01  7.21746108e-02  1.23629514e-01  6.03476871e-02  3.32023377e-02  
    4.72000000e+00  3.72759717e-02  3.44753226e-01  7.13288316e-02  1.22328201e-01  5.99053833e-02  3.28908011e-02  
    4.74000000e+00  3.68764662e-02  3.42932077e-01  7.04811023e-02  1.21035542e-01  5.94757840e-02  3.25799940e-02  
    4.76000000e+00  3.64806395e-02  3.41118998e-01  6.96258441e-02  1.19744615e-01  5.90641127e-02  3.22833651e-02  
    4.78000000e+00  3.60867718e-02  3.39311664e-01  6.87694650e-02  1.18460152e-01  5.86610345e-02  3.19941146e-02  
    4.80000000e+00  3.56943929e-02  3.37506517e-01  6.79146373e-02  1.17181412e-01  5.82620408e-02  3.17103783e-02  
    4.82000000e+00  3.53043435e-02  3.35704868e-01  6.70606606e-02  1.15908264e-01  5.78665407e-02  3.14358335e-02  
    4.84000000e+00  3.49174576e-02  3.33905607e-01  6.62088878e-02  1.14641277e-01  5.74847535e-02  3.11686761e-02  
    4.86000000e+00  3.45333732e-02  3.32107575e-01  6.53579484e-02  1.13379896e-01  5.71126252e-02  3.09016245e-02  
    4.88000000e+00  3.41531661e-02  3.30317471e-01  6.45088324e-02  1.12124839e-01  5.67548792e-02  3.06467708e-02  
    4.90000000e+00  3.37746335e-02  3.28532658e-01  6.36651662e-02  1.10879968e-01  5.64074128e-02  3.03983422e-02  
    4.92000000e+00  3.33985928e-02  3.26752627e-01  6.28225105e-02  1.09640048e-01  5.60689086e-02  3.01479210e-02  
    4.94000000e+00  3.30253698e-02  3.24982670e-01  6.19845345e-02  1.08407372e-01  5.57363428e-02  2.99039757e-02  
    4.96000000e+00  3.26537375e-02  3.23217078e-01  6.11547556e-02  1.07184523e-01  5.54102842e-02  2.96640226e-02  
    4.98000000e+00  3.22835419e-02  3.21452276e-01  6.03343403e-02  1.05977714e-01  5.50837844e-02  2.94344743e-02  
    5.00000000e+00  3.19153152e-02  3.19689966e-01  5.95183404e-02  1.04786627e-01  5.47642714e-02  2.92101685e-02  
    5.02000000e+00  3.15485002e-02  3.17932865e-01  5.87088932e-02  1.03607319e-01  5.44518083e-02  2.89810243e-02  
    5.04000000e+00  3.11821410e-02  3.16178991e-01  5.79058421e-02  1.02437899e-01  5.41500302e-02  2.87397515e-02  
    5.06000000e+00  3.08157460e-02  3.14426552e-01  5.71108946e-02  1.01277160e-01  5.38590649e-02  2.84975598e-02  
    5.08000000e+00  3.04497057e-02  3.12677214e-01  5.63246581e-02  1.00123983e-01  5.35788022e-02  2.82541251e-02  
    5.10000000e+00  3.00836404e-02  3.10930190e-01  5.55449457e-02  9.89780948e-02  5.33110994e-02  2.80107205e-02  
    5.12000000e+00  2.97186967e-02  3.09185886e-01  5.47698016e-02  9.78409063e-02  5.30467368e-02  2.77666810e-02  
    5.14000000e+00  2.93542551e-02  3.07446363e-01  5.39993978e-02  9.67132985e-02  5.27909313e-02  2.75312853e-02  
    5.16000000e+00  2.89895744e-02  3.05709300e-01  5.32282532e-02  9.55938495e-02  5.25508460e-02  2.72977511e-02  
    5.18000000e+00  2.86263240e-02  3.03978705e-01  5.24564573e-02  9.44803521e-02  5.23254679e-02  2.70754822e-02  
    5.20000000e+00  2.82658884e-02  3.02257591e-01  5.16786871e-02  9.33667654e-02  5.21139406e-02  2.68589871e-02  
    5.22000000e+00  2.79071748e-02  3.00540908e-01  5.09022582e-02  9.22591541e-02  5.19096234e-02  2.66460084e-02  
    5.24000000e+00  2.75513801e-02  2.98828617e-01  5.01243175e-02  9.11542934e-02  5.17210874e-02  2.64379737e-02  
    5.26000000e+00  2.71991996e-02  2.97119201e-01  4.93473845e-02  9.00582963e-02  5.15396768e-02  2.62391085e-02  
    5.28000000e+00  2.68509936e-02  2.95415147e-01  4.85718533e-02  8.89739313e-02  5.13655457e-02  2.60502604e-02  
    5.30000000e+00  2.65056393e-02  2.93715571e-01  4.77981489e-02  8.78993593e-02  5.11967625e-02  2.58672282e-02  
    5.32000000e+00  2.61641404e-02  2.92021242e-01  4.70213063e-02  8.68299006e-02  5.10325375e-02  2.56957959e-02  
    5.34000000e+00  2.58262779e-02  2.90332195e-01  4.62448830e-02  8.57702083e-02  5.08717570e-02  2.55298107e-02  
    5.36000000e+00  2.54927156e-02  2.88651577e-01  4.54726844e-02  8.47202215e-02  5.07168846e-02  2.53738656e-02  
    5.38000000e+00  2.51620316e-02  2.86977816e-01  4.47060297e-02  8.36784921e-02  5.05651754e-02  2.52205160e-02  
    5.40000000e+00  2.48324661e-02  2.85307635e-01  4.39485688e-02  8.26458213e-02  5.04168667e-02  2.50685652e-02  
    5.42000000e+00  2.45043399e-02  2.83643394e-01  4.32035356e-02  8.16239955e-02  5.02740437e-02  2.49157698e-02  
    5.44000000e+00  2.41773442e-02  2.81983151e-01  4.24678309e-02  8.06092623e-02  5.01362807e-02  2.47597556e-02  
    5.46000000e+00  2.38496493e-02  2.80325411e-01  4.17383256e-02  7.96002571e-02  5.00015293e-02  2.46044826e-02  
    5.48000000e+00  2.35220354e-02  2.78670402e-01  4.10145193e-02  7.86016853e-02  4.98732828e-02  2.44480781e-02  
    5.50000000e+00  2.31935010e-02  2.77016327e-01  4.02980421e-02  7.76144239e-02  4.97568186e-02  2.42913499e-02  
    5.52000000e+00  2.28651001e-02  2.75365080e-01  3.95845172e-02  7.66393113e-02  4.96589698e-02  2.41372727e-02  
    5.54000000e+00  2.25358814e-02  2.73715217e-01  3.88807726e-02  7.56721002e-02  4.95699665e-02  2.39769920e-02  
    5.56000000e+00  2.22065630e-02  2.72068861e-01  3.81840808e-02  7.47098704e-02  4.94892970e-02  2.38110009e-02  
    5.58000000e+00  2.18786069e-02  2.70428235e-01  3.74929299e-02  7.37532180e-02  4.94167199e-02  2.36490288e-02  
    5.60000000e+00  2.15531761e-02  2.68794349e-01  3.68056089e-02  7.28014970e-02  4.93513314e-02  2.34916887e-02  
    5.62000000e+00  2.12309382e-02  2.67169002e-01  3.61188358e-02  7.18595456e-02  4.92923380e-02  2.33373771e-02  
    5.64000000e+00  2.09129502e-02  2.65549952e-01  3.54263043e-02  7.09285243e-02  4.92438730e-02  2.31923536e-02  
    5.66000000e+00  2.05976267e-02  2.63939426e-01  3.47320418e-02  7.00023624e-02  4.92016637e-02  2.30578600e-02  
    5.68000000e+00  2.02850842e-02  2.62336804e-01  3.40383531e-02  6.90792405e-02  4.91672112e-02  2.29343210e-02  
    5.70000000e+00  1.99756651e-02  2.60736187e-01  3.33440257e-02  6.81616848e-02  4.91368081e-02  2.28104460e-02  
    5.72000000e+00  1.96696802e-02  2.59138283e-01  3.26485191e-02  6.72540738e-02  4.91123608e-02  2.26841992e-02  
    5.74000000e+00  1.93671389e-02  2.57547744e-01  3.19560455e-02  6.63531285e-02  4.90947057e-02  2.25655598e-02  
    5.76000000e+00  1.90677826e-02  2.55961881e-01  3.12643930e-02  6.54588852e-02  4.90790847e-02  2.24501078e-02  
    5.78000000e+00  1.87711214e-02  2.54381751e-01  3.05732879e-02  6.45670027e-02  4.90649664e-02  2.23395149e-02  
    5.80000000e+00  1.84771387e-02  2.52807253e-01  2.98850002e-02  6.36859880e-02  4.90494737e-02  2.22414574e-02  
    5.82000000e+00  1.81848274e-02  2.51239493e-01  2.92032936e-02  6.28153595e-02  4.90328635e-02  2.21479739e-02  
    5.84000000e+00  1.78922442e-02  2.49677199e-01  2.85307966e-02  6.19532289e-02  4.90219161e-02  2.20467403e-02  
    5.86000000e+00  1.75997478e-02  2.48116200e-01  2.78648723e-02  6.10997406e-02  4.90180674e-02  2.19440349e-02  
    5.88000000e+00  1.73074332e-02  2.46557987e-01  2.72066848e-02  6.02516202e-02  4.90148692e-02  2.18418052e-02  
    5.90000000e+00  1.70150227e-02  2.45002764e-01  2.65583803e-02  5.94106797e-02  4.90138384e-02  2.17413563e-02  
    5.92000000e+00  1.67231224e-02  2.43451627e-01  2.59173600e-02  5.85773408e-02  4.90202299e-02  2.16392865e-02  
    5.94000000e+00  1.64321460e-02  2.41908006e-01  2.52854924e-02  5.77524225e-02  4.90361050e-02  2.15288090e-02  
    5.96000000e+00  1.61429441e-02  2.40369930e-01  2.46621194e-02  5.69375583e-02  4.90582869e-02  2.14258884e-02  
    5.98000000e+00  1.58557394e-02  2.38834047e-01  2.40446267e-02  5.61353983e-02  4.90839991e-02  2.13256882e-02  
    6.00000000e+00  1.55717461e-02  2.37299617e-01  2.34290449e-02  5.53450204e-02  4.91147695e-02  2.12294421e-02  
    6.02000000e+00  1.52905963e-02  2.35770830e-01  2.28182069e-02  5.45633956e-02  4.91520351e-02  2.11373836e-02  
    6.04000000e+00  1.50108126e-02  2.34250896e-01  2.22109688e-02  5.37874661e-02  4.91925094e-02  2.10435195e-02  
    6.06000000e+00  1.47342113e-02  2.32739966e-01  2.16012868e-02  5.30162026e-02  4.92422237e-02  2.09470056e-02  
    6.08000000e+00  1.44617751e-02  2.31236991e-01  2.09882837e-02  5.22500859e-02  4.92972417e-02  2.08541664e-02  
    6.10000000e+00  1.41922871e-02  2.29743673e-01  2.03776875e-02  5.14839972e-02  4.93518892e-02  2.07704097e-02  
    6.12000000e+00  1.39256820e-02  2.28255486e-01  1.97675705e-02  5.07242539e-02  4.94070816e-02  2.06982979e-02  
    6.14000000e+00  1.36622769e-02  2.26774342e-01  1.91589018e-02  4.99728222e-02  4.94674879e-02  2.06341550e-02  
    6.16000000e+00  1.34009339e-02  2.25299868e-01  1.85504412e-02  4.92265410e-02  4.95310770e-02  2.05727692e-02  
    6.18000000e+00  1.31416110e-02  2.23829805e-01  1.79431750e-02  4.84833733e-02  4.95940142e-02  2.05080248e-02  
    6.20000000e+00  1.28842242e-02  2.22362557e-01  1.73346375e-02  4.77443086e-02  4.96585750e-02  2.04448373e-02  
    6.22000000e+00  1.26285413e-02  2.20900068e-01  1.67280456e-02  4.70113418e-02  4.97207703e-02  2.03809913e-02  
    6.24000000e+00  1.23741611e-02  2.19443808e-01  1.61286549e-02  4.62835640e-02  4.97870067e-02  2.03235981e-02  
    6.26000000e+00  1.21189850e-02  2.17991796e-01  1.55394266e-02  4.55579548e-02  4.98577216e-02  2.02698164e-02  
    6.28000000e+00  1.18653884e-02  2.16545963e-01  1.49575509e-02  4.48391503e-02  4.99363170e-02  2.02158035e-02  
    6.30000000e+00  1.16149903e-02  2.15103657e-01  1.43830848e-02  4.41325381e-02  5.00115869e-02  2.01635192e-02  
    6.32000000e+00  1.13680528e-02  2.13665183e-01  1.38168758e-02  4.34391777e-02  5.00838306e-02  2.01122393e-02  
    6.34000000e+00  1.11236818e-02  2.12230048e-01  1.32592763e-02  4.27573761e-02  5.01594217e-02  2.00617423e-02  
    6.36000000e+00  1.08808132e-02  2.10800173e-01  1.27083303e-02  4.20836054e-02  5.02413868e-02  2.00038728e-02  
    6.38000000e+00  1.06401581e-02  2.09374900e-01  1.21655883e-02  4.14207574e-02  5.03256403e-02  1.99367849e-02  
    6.40000000e+00  1.04020980e-02  2.07952025e-01  1.16315194e-02  4.07679661e-02  5.04078978e-02  1.98689965e-02  
    6.42000000e+00  1.01660471e-02  2.06534108e-01  1.11027783e-02  4.01232429e-02  5.04965289e-02  1.97998088e-02  
    6.44000000e+00  9.93187251e-03  2.05123128e-01  1.05804537e-02  3.94846675e-02  5.05880719e-02  1.97343426e-02  
    6.46000000e+00  9.70011927e-03  2.03717540e-01  1.00589054e-02  3.88503578e-02  5.06807533e-02  1.96797814e-02  
    6.48000000e+00  9.47241648e-03  2.02324760e-01  9.53790775e-03  3.82175041e-02  5.07784053e-02  1.96311459e-02  
    6.50000000e+00  9.24829098e-03  2.00940961e-01  9.01929651e-03  3.75858341e-02  5.08738988e-02  1.95856085e-02  
    6.52000000e+00  9.02702458e-03  1.99564323e-01  8.50155994e-03  3.69539942e-02  5.09686814e-02  1.95461644e-02  
    6.54000000e+00  8.80796702e-03  1.98189375e-01  7.98342662e-03  3.63282418e-02  5.10616047e-02  1.95026674e-02  
    6.56000000e+00  8.59136886e-03  1.96818287e-01  7.46867477e-03  3.57092109e-02  5.11591278e-02  1.94582017e-02  
    6.58000000e+00  8.37761124e-03  1.95451467e-01  6.95982249e-03  3.50977248e-02  5.12604849e-02  1.94177720e-02  
    6.60000000e+00  8.16609805e-03  1.94091848e-01  6.45866269e-03  3.44873690e-02  5.13661702e-02  1.93784383e-02  
    6.62000000e+00  7.95740553e-03  1.92740732e-01  5.96672784e-03  3.38787254e-02  5.14775200e-02  1.93450657e-02  
    6.64000000e+00  7.75258298e-03  1.91393974e-01  5.49053340e-03  3.32754464e-02  5.15842901e-02  1.93238995e-02  
    6.66000000e+00  7.55126604e-03  1.90050297e-01  5.03498022e-03  3.26801155e-02  5.16878168e-02  1.93139100e-02  
    6.68000000e+00  7.35393972e-03  1.88709972e-01  4.59963049e-03  3.20943069e-02  5.17932297e-02  1.93025261e-02  
    6.70000000e+00  7.16023673e-03  1.87375178e-01  4.18929600e-03  3.15159555e-02  5.18986822e-02  1.92849915e-02  
    6.72000000e+00  6.96965340e-03  1.86042719e-01  3.81699467e-03  3.09451038e-02  5.20026122e-02  1.92644201e-02  
    6.74000000e+00  6.78249930e-03  1.84712815e-01  3.48744788e-03  3.03871984e-02  5.21015590e-02  1.92448540e-02  
    6.76000000e+00  6.59895372e-03  1.83388391e-01  3.20432379e-03  2.98384565e-02  5.21992458e-02  1.92244497e-02  
    6.78000000e+00  6.41976971e-03  1.82070303e-01  2.97808380e-03  2.93012837e-02  5.23000188e-02  1.92005225e-02  
    6.80000000e+00  6.24564361e-03  1.80756296e-01  2.81760853e-03  2.87768660e-02  5.24000980e-02  1.91620918e-02  
    6.82000000e+00  6.07635340e-03  1.79448075e-01  2.73294469e-03  2.82580556e-02  5.24984583e-02  1.91175090e-02  
    6.84000000e+00  5.91143525e-03  1.78144526e-01  2.72648574e-03  2.77458355e-02  5.25968496e-02  1.90716111e-02  
    6.86000000e+00  5.75080397e-03  1.76844959e-01  2.79794020e-03  2.72371150e-02  5.26988444e-02  1.90317400e-02  
    6.88000000e+00  5.59424249e-03  1.75553561e-01  2.94359834e-03  2.67230552e-02  5.28083502e-02  1.89966584e-02  
    6.90000000e+00  5.44357048e-03  1.74269408e-01  3.15645182e-03  2.62075924e-02  5.29249941e-02  1.89697196e-02  
    6.92000000e+00  5.29957393e-03  1.72991875e-01  3.42551508e-03  2.56982750e-02  5.30406499e-02  1.89450777e-02  
    6.94000000e+00  5.16121436e-03  1.71720973e-01  3.74320284e-03  2.51923444e-02  5.31529831e-02  1.89260760e-02  
    6.96000000e+00  5.02853736e-03  1.70458115e-01  4.09740041e-03  2.46880109e-02  5.32640907e-02  1.89192838e-02  
    6.98000000e+00  4.90248997e-03  1.69200691e-01  4.47955130e-03  2.41836329e-02  5.33816148e-02  1.89254050e-02  
    7.00000000e+00  4.78344813e-03  1.67949489e-01  4.87714703e-03  2.36813625e-02  5.35037032e-02  1.89312912e-02  
    7.02000000e+00  4.67145965e-03  1.66707294e-01  5.28602600e-03  2.31813330e-02  5.36315628e-02  1.89359658e-02  
    7.04000000e+00  4.56665330e-03  1.65468516e-01  5.70501135e-03  2.26922976e-02  5.37548005e-02  1.89356333e-02  
    7.06000000e+00  4.46937340e-03  1.64234707e-01  6.12843147e-03  2.22106574e-02  5.38706953e-02  1.89398242e-02  
    7.08000000e+00  4.38016077e-03  1.63004393e-01  6.55293733e-03  2.17353849e-02  5.39858399e-02  1.89452721e-02  
    7.10000000e+00  4.30006051e-03  1.61778259e-01  6.97591950e-03  2.12708456e-02  5.41007711e-02  1.89527532e-02  
